5.40840
5.80760
6.20690
6.60610
7.00540
7.30480
7.50440
7.70400
7.90370
8.10330
8.30290
8.50250
8.70210
8.90170
9.10140
9.30100
9.50060
9.70020
9.89980
1.00995
1.02991
1.04987
1.06983
1.08979
1.10976
1.12972
1.14968
1.16964
1.18960
1.20957
1.22953
1.24949
1.26945
1.28941
1.30938
1.32934
1.34930
1.36926
1.38922
1.40919
1.42915
1.44911
1.46907
1.48903
1.50899
1.52896
1.54892
1.57886
1.61879
1.65871
1.69863
1.73856
1.77848
1.81840
1.85833
1.89825
1.93818
1.97810
2.01802
2.05795
2.09787
2.13780
2.17772
2.21764
2.25757
2.29749
2.33742
2.37734
2.41726
2.45719
2.49711
2.53703
2.57696
2.61688
2.65681
2.69673
2.73665
2.77658
2.81650
2.85643
2.89635
2.93627
2.97620
